0.39950653894154065,0.8721007687618809,0.39958296546491323
0.517986049586362,0.40225485888828316,0.1645412096623461
0.6370593157954407,0.2808668673166931,0.2885944826932936
0.32257220402066944,0.9487076457725345,0.3077968711084793
0.786909222335329,0.8089066232013852,0.4254676955504483
0.9049804274874295,0.3056129845243061,0.2453220823152945
0.9223431077374625,0.1841894961538988,0.3340923300382257
0.7125585040334937,0.9449653190410914,0.8149928315082664
0.7248795122339795,0.9801120972781238,0.83543532386123
0.9139070099443618,0.24191818773567364,0.8517668663915507
0.12090567013725861,0.42512691843448913,0.8624865630525673
0.3294802620133558,0.19285467178261695,0.33261719415487845
0.2773739411634959,0.40228406294483954,0.23967899386266922
0.5967593456253515,0.2804153105541155,0.26629378075015775
0.862872110898216,0.36534776112438627,0.889029539829039
0.9699056550281503,0.4412106814032559,0.43981596735240536
0.8846460900965962,0.7452234186153378,0.6660628224283526
0.3157880195971021,0.74347557129019,0.1981552402147515
0.055132436894882564,0.3431329075789703,0.2508852785703949
0.22674958829393277,0.44277922454169705,0.4992492230842187
0.2805236929976225,0.2963055435866565,0.3765793372886621
0.8309016939001257,0.8607829180549298,0.315787050636535
0.9966335160942695,0.7040083961381687,0.4624299616298133
0.09794727168244177,0.096337444748271,0.8760927450576788
0.8967197746069906,0.5220698508560861,0.7235598844021298
0.9768796422169375,0.18877805098798106,0.9932561967901747
0.8047046257881362,0.043278622422791235,0.20070429734292394
0.30689384835548517,0.7522392424217366,0.6890388600395869
0.4384320649707343,0.3734319236109346,0.08991697917492081
0.5056734938301307,0.9603183581006869,0.1363124295104835
0.17318653149458307,0.8415343143188782,0.07759910322645902
0.0672747583722707,0.7791074135989783,0.32098420698269936
0.8208472475811538,0.02311661506027496,0.8778466487937276
0.0032083816218057004,0.017878819106538213,0.5234566463899918
0.20367382633732145,0.1953785553789702,0.8826219152599907
0.1383820606498123,0.29557328035928254,0.24668295737509782
0.12325984130993539,0.42845917891316543,0.3498970220107549
0.9939381898341693,0.03491101664412699,0.4253443870614618
0.7497018304091726,0.29443907016903514,0.6509780537891315
0.6733677516253767,0.7241769203424875,0.40296415522470086
0.865958128624942,0.1003393497552173,0.012376600468896992
0.7983972378847288,0.07442433778000968,0.24101656071108346
0.32478395222143364,0.9116158701863821,0.7091449195989684
0.23324650815437387,0.12483826315284308,0.8643592052485083
0.13396610373569573,0.10055223333596097,0.28762389464383986
0.5522498944503872,0.30100475568284357,0.7882302561874405
0.32062645793969746,0.7875147206838048,0.19937322199559404
0.2136863014311562,0.8452311172108745,0.3223983551855164
0.9590914728013827,0.7815795374878759,0.33447011008318395
0.6819687551609588,0.6348648495847877,0.017623087973431595
0.37115561280414666,0.6090917623135198,0.46072829726545805
0.6094801295402935,0.7017846243791543,0.5345027027574434
0.30106138472348576,0.07010512786888246,0.1958704468564053
0.45243889469817733,0.2824118896842164,0.8781172432650409
0.23531489720475063,0.7970159527587398,0.2399216050696642
0.34053902170544836,0.26196381149172965,0.15693109072644174
0.9243279638188127,0.3418958639748182,0.00683589982273769
0.6922900272746251,0.2675611514276063,0.27233249505253065
0.7609932085064456,0.9607725830333623,0.03658101520422019
0.7480829333801008,0.9212614495024523,0.5843020525480828
0.6110870852859943,0.3276012138868932,0.46710931355224206
0.4010645898474139,0.9395396715087081,0.072163290583794
0.06028544833988703,0.811917409547489,0.8123814036236001
0.2547817150790588,0.721194357304263,0.05491518534396933
0.9256652935421947,0.4951801590180742,0.08459089066960124
0.32738690164534723,0.5273450899140858,0.4370766492153415
0.5950709136826567,0.27169265325145253,0.05444366599790518
0.9911032150324758,0.6871887410350541,0.7488961290895214
0.6470702141826237,0.23013339465648452,0.6476696182916314
0.2899198930622163,0.4301846708276106,0.27517568176126417
0.3936300332089536,0.9171823368069582,0.4692283283853289
0.4726222476689873,0.33035554882325546,0.4977686929209909
0.8768605542595658,0.48733395593674167,0.7791379702200737
0.9781769110457156,0.37268337711684874,0.9438871734708517
0.05564720783896149,0.9466636825130648,0.7091377829937024
0.44769760428018546,0.48970269753035645,0.36509570654166845
0.5790998230487513,0.8710457131420262,0.8691588778455062
0.7311723570561882,0.8224255694912538,0.6258703873688019
0.5091735682580414,0.32407839470765687,0.40174779095154944
0.5842213104459132,0.5417163975686421,0.19041330665195322
0.06807188650148632,0.18203822944279224,0.03626905140758363
0.08967008071825866,0.0945903042056554,0.30557776049653085
0.5532490768073312,0.46588612294330967,0.21658436111268264
0.8083073006467888,0.8720503505747591,0.6825186172236715
0.5268675853702047,0.6118411899688007,0.644719593136764
0.164458234547332,0.4613536811761745,0.06457683052430152
0.41832277164434095,0.5837602731709585,0.30029787464686186
0.5622612560160555,0.8034735584876544,0.22441017471602298
0.8521939024075206,0.7151437380274445,0.050117203406239375
0.21608484054467625,0.16662768302433628,0.08003443005821431
0.596544403402051,0.6796091861244161,0.4614402201645871
0.8078453587848728,0.241166482030981,0.025766039646771488
0.3814831313428576,0.8869434636916559,0.8181242363885962
0.8250385880200163,0.5222581897912693,0.37041058470381183
0.08208282606904937,0.9571606793400693,0.10008541358813228
0.8140150625609233,0.18945595286081174,0.7066767908696201
0.8749309197729174,0.22373234693859856,0.6666275663183849
0.3453318798295649,0.05904361980877637,0.3901890976898621
0.7260221639661006,0.6691983286865616,0.47815839448817143
0.10621736052164754,0.18477540899919254,0.04741546295052801
